0 4
1 6
2 16
3 20
4 35
5 41
6 60
7 72
8 91
9 105
10 126
11 147
12 173
13 198
14 223
15 254
16 283
17 316
18 340
19 378
20 411
21 453
22 486
23 532
24 573
25 620
26 664
27 712
28 757
29 810
30 866
31 923
32 980
33 1036
34 1099
35 1160
36 1225
37 1296
38 1359
39 1429
40 1493
41 1574
42 1637
43 1723
44 1783
45 1874
46 1936
47 2026
48 2098
49 2189
50 2277
51 2362
52 2457
53 2545
54 2634
55 2720
56 2815
57 2914
58 3020
59 3131
60 3238
61 3380
62 3499
63 3646
64 3759
65 3910
66 4027
67 4182
68 4269
69 4419
70 4519
71 4671
72 4773
73 4932
74 5049
75 5200
76 5303
77 5472
78 5587
79 5749
80 5856
81 6017
82 6148
83 6316
84 6450
85 6620
86 6747
87 6916
88 7046
89 7222
90 7362
91 7528
92 7668
93 7841
94 8002
95 8185
96 8346
97 8527
98 8689
99 8867
100 9035
101 9211
102 9393
103 9567
104 9757
105 9923
106 10117
107 10300
108 10471
109 10668
110 10837
111 11049
112 11220
113 11443
114 11630
115 11839
116 12026
117 12235
118 12440
119 12651
120 12860
121 13072
122 13298
123 13485
124 13717
125 13897
126 14138
127 14327
128 14567
129 14783
130 15012
131 15263
132 15464
133 15723
134 15916
135 16182
136 16371
137 16644
138 16861
139 17118
140 17353
141 17599
142 17856
143 18097
144 18351
145 18583
146 18859
147 19089
148 19365
149 19591
150 19874
151 20104
152 20379
153 20634
154 20895
155 21171
156 21438
157 21709
158 21979
159 22236
160 22515
161 22795
162 23089
163 23366
164 23652
165 23938
166 24236
167 24512
168 24834
169 25096
170 25406
171 25665
172 26006
173 26259
174 26601
175 26856
176 27204
177 27459
178 27802
179 28064
180 28398
181 28686
182 29028
183 29329
184 29659
185 29946
186 30278
187 30568
188 30916
189 31230
190 31610
191 31917
192 32349
193 32705
194 33157
195 33496
196 33945
197 34288
198 34741
199 35020
200 35422
201 35722
202 36123
203 36431
204 36839
205 37163
206 37546
207 37848
208 38268
209 38588
210 38998
211 39293
212 39696
213 40027
214 40454
215 40787
216 41215
217 41532
218 41954
219 42277
220 42700
221 43047
222 43449
223 43789
224 44197
225 44585
226 45009
227 45388
228 45801
229 46181
230 46590
231 46976
232 47375
233 47782
234 48178
235 48593
236 48970
237 49397
238 49805
239 50179
240 50612
241 50975
242 51434
243 51801
244 52284
245 52679
246 53127
247 53525
248 53965
249 54396
250 54834
251 55269
252 55705
253 56177
254 56559
255 57038
256 57401
257 57894
258 58274
259 58757
260 59190
261 59647
262 60146
263 60546
264 61054
265 61436
266 61953
267 62325
268 62852
269 63274
270 63769
271 64225
272 64696
273 65189
274 65645
275 66128
276 66567
277 67088
278 67519
279 68038
280 68466
281 68994
282 69421
283 69929
284 70406
285 70882
286 71393
287 71880
288 72378
289 72870
290 73339
291 73844
292 74348
293 74879
294 75376
295 75892
296 76401
297 76936
298 77423
299 77996
300 78457
301 79007
302 79461
303 80062
304 80505
305 81103
306 81553
307 82158
308 82606
309 83202
310 83654
311 84231
312 84719
313 85318
314 85825
315 86397
316 86882
317 87460
318 87945
319 88542
320 89064
321 89713
322 90220
323 90942
324 91535
325 92292
326 92857
327 93604
328 94173
329 94924
330 95395
331 96049
332 96549
333 97199
334 97713
335 98370
336 98901
337 99516
338 100017
339 100688
340 101213
341 101871
342 102354
343 102999
344 103530
345 104216
346 104748
347 105434
348 105941
349 106616
350 107132
351 107802
352 108356
353 108994
354 109534
355 110177
356 110792
357 111457
358 112054
359 112699
360 113297
361 113937
362 114541
363 115163
364 115795
365 116413
366 117053
367 117641
368 118301
369 118934
370 119511
371 120180
372 120737
373 121443
374 122006
375 122749
376 123352
377 124039
378 124648
379 125319
380 125976
381 126641
382 127302
383 127962
384 128680
385 129257
386 129983
387 130529
388 131274
389 131845
390 132571
391 133221
392 133906
393 134653
394 135252
395 136009
396 136580
397 137348
398 137903
399 138684
400 139311
401 140044
402 140721
403 141417
404 142146
405 142817
406 143529
407 144175
408 144941
409 145573
410 146335
411 146965
412 147738
413 148362
414 149103
415 149802
416 150493
417 151239
418 151946
419 152671
420 153385
421 154066
422 154797
423 155525
424 156293
425 157010
426 157756
427 158488
428 159260
429 159958
430 160782
431 161442
432 162232
433 162881
434 163742
435 164375
436 165229
437 165874
438 166736
439 167377
440 168226
441 168868
442 169688
443 170376
444 171232
445 171945
446 172759
447 173442
448 174266
449 174946
450 175792
451 176522
452 177440
453 178147
454 179159
455 179989
456 181051
457 181842
458 182887
459 183682
460 184731
461 185394
462 186300
463 187000
464 187899
465 188619
466 189525
467 190263
468 191110
469 191810
470 192732
471 193462
472 194368
473 195039
474 195926
475 196657
476 197602
477 198333
478 199277
479 199974
480 200902
481 201611
482 202528
483 203289
484 204163
485 204903
486 205781
487 206623
488 207529
489 208344
490 209221
491 210037
492 210908
493 211730
494 212575
495 213432
496 214272
497 215137
498 215936
499 216829
500 217687
501 218467
502 219372
503 220123
504 221076
505 221835
506 222838
507 223649
508 224575
509 225395
510 226297
511 227180
512 228072
513 228959
514 229843
515 230807
516 231579
517 232552
518 233281
519 234278
520 235040
521 236009
522 236876
523 237789
524 238784
525 239582
526 240588
527 241348
528 242367
529 243105
530 244140
531 244972
532 245943
533 246841
534 247762
535 248727
536 249613
537 250554
538 251407
539 252418
540 253251
541 254256
542 255088
543 256106
544 256927
545 257901
546 258822
547 259728
548 260709
549 261636
550 262588
551 263524
552 264417
553 265374
554 266326
555 267331
556 268268
557 269244
558 270199
559 271208
560 272117
561 273192
562 274051
563 275081
564 275925
565 277046
566 277869
567 278979
568 279819
569 280938
570 281772
571 282874
572 283706
573 284769
574 285657
575 286770
576 287689
577 288745
578 289626
579 290696
580 291571
581 292666
582 293604
583 294791
584 295698
585 297000
586 298067
587 299434
588 300451
589 301794
590 302815
591 304162
592 305017
593 306175
594 307075
595 308223
596 309149
597 310304
598 311249
599 312328
600 313227
601 314400
602 315335
603 316489
604 317348
605 318477
606 319408
607 320612
608 321542
609 322744
610 323631
611 324812
612 325714
613 326878
614 327846
615 328956
616 329896
617 331009
618 332078
619 333225
620 334258
621 335367
622 336401
623 337503
624 338543
625 339611
626 340693
627 341755
628 342845
629 343855
630 344981
631 346064
632 347047
633 348188
634 349133
635 350333
636 351288
637 352551
638 353570
639 354735
640 355766
641 356899
642 358008
643 359127
644 360240
645 361348
646 362558
647 363525
648 364745
649 365657
650 366906
651 367859
652 369071
653 370155
654 371296
655 372539
656 373536
657 374791
658 375740
659 377010
660 377931
661 379220
662 380257
663 381466
664 382585
665 383731
666 384932
667 386033
668 387203
669 388263
670 389519
671 390553
672 391801
673 392835
674 394098
675 395116
676 396323
677 397466
678 398587
679 399803
680 400950
681 402129
682 403287
683 404392
684 405575
685 406751
686 407993
687 409150
688 410356
689 411534
690 412780
691 413900
692 415226
693 416284
694 417554
695 418593
696 419974
697 420987
698 422353
699 423388
700 424764
701 425791
702 427146
703 428168
704 429474
705 430562
706 431932
707 433057
708 434355
709 435434
710 436750
711 437820
712 439164
713 440310
714 441766
715 442873
716 444465
717 445769
718 447441
719 448684
720 450325
721 451572
722 453217
723 454264
724 455674
725 456774
726 458171
727 459303
728 460707
729 461859
730 463170
731 464268
732 465692
733 466832
734 468234
735 469281
736 470652
737 471783
738 473246
739 474375
740 475835
741 476912
742 478346
743 479441
744 480852
745 482027
746 483373
747 484513
748 485861
749 487157
750 488545
751 489796
752 491137
753 492389
754 493722
755 494980
756 496271
757 497578
758 498862
759 500177
760 501398
761 502757
762 504065
763 505251
764 506628
765 507767
766 509214
767 510365
768 511888
769 513115
770 514519
771 515761
772 517125
773 518460
774 519806
775 521145
776 522477
777 523933
778 525095
779 526562
780 527657
781 529158
782 530302
783 531757
784 533058
785 534427
786 535918
787 537114
788 538618
789 539756
790 541277
791 542381
792 543924
793 545166
794 546613
795 547953
796 549324
797 550761
798 552077
799 553476
800 554743
801 556244
802 557479
803 558970
804 560206
805 561714
806 562929
807 564369
808 565734
809 567070
810 568521
811 569888
812 571294
813 572674
814 573991
815 575400
816 576800
817 578279
818 579656
819 581092
820 582493
821 583976
822 585307
823 586884
824 588141
825 589651
826 590885
827 592526
828 593729
829 595351
830 596581
831 598214
832 599434
833 601042
834 602254
835 603803
836 605091
837 606718
838 608049
839 609589
840 610866
841 612428
842 613693
843 615286
844 616640
845 618365
846 619672
847 621554
848 623095
849 625072
850 626541
851 628480
852 629953
853 631896
854 633135
855 634797
856 636097
857 637743
858 639081
859 640734
860 642093
861 643636
862 644933
863 646608
864 647953
865 649603
866 650838
867 652451
868 653782
869 655504
870 656832
871 658550
872 659817
873 661504
874 662792
875 664450
876 665832
877 667414
878 668754
879 670337
880 671860
881 673489
882 674958
883 676531
884 678001
885 679565
886 681041
887 682555
888 684087
889 685593
890 687133
891 688565
892 690157
893 691690
894 693079
895 694692
896 696025
897 697719
898 699066
899 700849
900 702284
901 703927
902 705380
903 706975
904 708536
905 710109
906 711674
907 713230
908 714932
909 716289
910 718003
911 719281
912 721034
913 722369
914 724067
915 725585
916 727182
917 728921
918 730316
919 732069
920 733396
921 735168
922 736455
923 738252
924 739699
925 741384
926 742945
927 744541
928 746214
929 747745
930 749373
931 750847
932 752593
933 754029
934 755763
935 757201
936 758954
937 760366
938 762039
939 763626
940 765177
941 766863
942 768450
943 770083
944 771685
945 773214
946 774849
947 776473
948 778189
949 779786
950 781452
951 783076
952 784796
953 786338
954 788166
955 789622
956 791372
957 792801
958 794702
959 796095
960 797973
961 799398
962 801288
963 802701
964 804562
965 805964
966 807756
967 809244
968 811128
969 812665
970 814447
971 815922
972 817730
973 819190
974 821032
975 822594
976 824588
977 826095
978 828267
979 830045
980 832327
981 834022
982 836259
983 837958
984 840199
985 841630
986 843544
987 845044
988 846939
989 848483
990 850385
991 851951
992 853726
993 855222
994 857148
995 858698
996 860596
997 862019
998 863874
999 865405
1000 867386
1001 868913
1002 870889
1003 872346
1004 874286
1005 875767
1006 877672
1007 879261
1008 881079
1009 882619
1010 884437
1011 886187
1012 888057
1013 889744
1014 891549
1015 893237
1016 895032
1017 896726
1018 898463
1019 900220
1020 901948
1021 903713
1022 905356
1023 907181
1024 908939
1025 910531
1026 912380
1027 913907
1028 915848
1029 917391
1030 919434
1031 921077
1032 922959
1033 924623
1034 926449
1035 928236
1036 930036
1037 931827
1038 933607
1039 935555
1040 937107
1041 939068
1042 940529
1043 942534
1044 944060
1045 946001
1046 947736
1047 949561
1048 951548
1049 953142
1050 955144
1051 956660
1052 958683
1053 960153
1054 962204
1055 963856
1056 965779
1057 967561
1058 969382
1059 971291
1060 973037
1061 974894
1062 976575
1063 978566
1064 980203
1065 982180
1066 983820
1067 985818
1068 987427
1069 989333
1070 991142
1071 992908
1072 994829
1073 996636
1074 998496
1075 1000320
1076 1002061
1077 1003922
1078 1005770
1079 1007723
1080 1009540
1081 1011436
1082 1013283
1083 1015240
1084 1016993
1085 1019072
1086 1020727
1087 1022717
1088 1024341
1089 1026502
1090 1028085
1091 1030219
1092 1031839
1093 1033986
1094 1035592
1095 1037706
1096 1039298
1097 1041333
1098 1043021
1099 1045162
1100 1046905
1101 1048929
1102 1050602
1103 1052656
1104 1054311
1105 1056402
1106 1058172
1107 1060435
1108 1062142
1109 1064604
1110 1066619
1111 1069206
1112 1071127
1113 1073662
1114 1075587
1115 1078126
1116 1079749
1117 1081915
1118 1083615
1119 1085759
1120 1087509
1121 1089660
1122 1091433
1123 1093440
1124 1095135
1125 1097312
1126 1099067
1127 1101213
1128 1102824
1129 1104921
1130 1106652
1131 1108892
1132 1110618
1133 1112852
1134 1114499
1135 1116692
1136 1118366
1137 1120518
1138 1122314
1139 1124368
1140 1126108
1141 1128161
1142 1130138
1143 1132249
1144 1134154
1145 1136191
1146 1138097
1147 1140123
1148 1142035
1149 1143995
1150 1145977
1151 1147927
1152 1149917
1153 1151771
1154 1153829
1155 1155812
1156 1157607
1157 1159692
1158 1161413
1159 1163601
1160 1165340
1161 1167643
1162 1169494
1163 1171615
1164 1173490
1165 1175547
1166 1177560
1167 1179587
1168 1181604
1169 1183608
1170 1185802
1171 1187549
1172 1189757
1173 1191401
1174 1193658
1175 1195375
1176 1197559
1177 1199511
1178 1201564
1179 1203799
1180 1205592
1181 1207843
1182 1209548
1183 1211822
1184 1213475
1185 1215780
1186 1217637
1187 1219798
1188 1221801
1189 1223847
1190 1225992
1191 1227953
1192 1230039
1193 1231927
1194 1234163
1195 1236001
1196 1238221
1197 1240063
1198 1242306
1199 1244112
1200 1246251
1201 1248282
1202 1250263
1203 1252419
1204 1254446
1205 1256533
1206 1258579
1207 1260532
1208 1262619
1209 1264691
1210 1266881
1211 1268918
1212 1271044
1213 1273114
1214 1275308
1215 1277272
1216 1279602
1217 1281456
1218 1283686
1219 1285505
1220 1287926
1221 1289699
1222 1292089
1223 1293904
1224 1296308
1225 1298107
1226 1300474
1227 1302256
1228 1304534
1229 1306422
1230 1308820
1231 1310769
1232 1313035
1233 1314906
1234 1317206
1235 1319056
1236 1321396
1237 1323374
1238 1325906
1239 1327813
1240 1330565
1241 1332817
1242 1335709
1243 1337856
1244 1340689
1245 1342840
1246 1345677
1247 1347492
1248 1349910
1249 1351810
1250 1354203
1251 1356159
1252 1358559
1253 1360539
1254 1362778
1255 1364672
1256 1367100
1257 1369060
1258 1371454
1259 1373253
1260 1375592
1261 1377523
1262 1380022
1263 1381947
1264 1384439
1265 1386276
1266 1388722
1267 1390589
1268 1392988
1269 1394991
1270 1397281
1271 1399221
1272 1401509
1273 1403713
1274 1406065
1275 1408188
1276 1410457
1277 1412581
1278 1414838
1279 1416968
1280 1419151
1281 1421358
1282 1423530
1283 1425745
1284 1427810
1285 1430101
1286 1432309
1287 1434307
1288 1436628
1289 1438543
1290 1440978
1291 1442913
1292 1445476
1293 1447535
1294 1449895
1295 1451981
1296 1454269
1297 1456508
1298 1458762
1299 1461005
1300 1463233
1301 1465673
1302 1467615
1303 1470070
1304 1471897
1305 1474406
1306 1476314
1307 1478741
1308 1480910
1309 1483191
1310 1485674
1311 1487666
1312 1490166
1313 1492060
1314 1494585
1315 1496421
1316 1498980
1317 1501042
1318 1503441
1319 1505665
1320 1507936
1321 1510317
1322 1512493
1323 1514808
1324 1516903
1325 1519384
1326 1521423
1327 1523886
1328 1525930
1329 1528418
1330 1530421
1331 1532793
1332 1535046
1333 1537242
1334 1539633
1335 1541880
1336 1544194
1337 1546462
1338 1548627
1339 1550940
1340 1553236
1341 1555663
1342 1557920
1343 1560276
1344 1562569
1345 1565000
1346 1567175
1347 1569756
1348 1571809
1349 1574279
1350 1576293
1351 1578974
1352 1580937
1353 1583583
1354 1585593
1355 1588254
1356 1590246
1357 1592866
1358 1594838
1359 1597359
1360 1599447
1361 1602102
1362 1604257
1363 1606765
1364 1608834
1365 1611380
1366 1613425
1367 1616014
1368 1618200
1369 1621001
1370 1623108
1371 1626150
1372 1628639
1373 1631836
1374 1634209
1375 1637340
1376 1639717
1377 1642852
1378 1644859
1379 1647529
1380 1649629
1381 1652271
1382 1654433
1383 1657082
1384 1659269
1385 1661740
1386 1663833
1387 1666512
1388 1668677
1389 1671319
1390 1673306
1391 1675887
1392 1678018
1393 1680776
1394 1682900
1395 1685650
1396 1687677
1397 1690376
1398 1692436
1399 1695082
1400 1697292
1401 1699818
1402 1701958
1403 1704481
1404 1706912
1405 1709505
1406 1711846
1407 1714347
1408 1716689
1409 1719177
1410 1721525
1411 1723931
1412 1726363
1413 1728757
1414 1731197
1415 1733473
1416 1735997
1417 1738430
1418 1740631
1419 1743188
1420 1745297
1421 1747979
1422 1750110
1423 1752933
1424 1755200
1425 1757799
1426 1760096
1427 1762615
1428 1765080
1429 1767561
1430 1770030
1431 1772482
1432 1775168
1433 1777305
1434 1780007
1435 1782017
1436 1784778
1437 1786877
1438 1789547
1439 1791933
1440 1794442
1441 1797173
1442 1799364
1443 1802113
1444 1804196
1445 1806972
1446 1808991
1447 1811804
1448 1814071
1449 1816708
1450 1819153
1451 1821649
1452 1824266
1453 1826657
1454 1829201
1455 1831503
1456 1834229
1457 1836469
1458 1839175
1459 1841421
1460 1844154
1461 1846354
1462 1848959
1463 1851434
1464 1853845
1465 1856471
1466 1858938
1467 1861479
1468 1863969
1469 1866346
1470 1868885
1471 1871405
1472 1874069
1473 1876546
1474 1879132
1475 1881648
1476 1884316
1477 1886702
1478 1889534
1479 1891786
1480 1894496
1481 1896705
1482 1899646
1483 1901799
1484 1904701
1485 1906906
1486 1909824
1487 1912009
1488 1914882
1489 1917044
1490 1919808
1491 1922096
1492 1925008
1493 1927369
1494 1930119
1495 1932386
1496 1935178
1497 1937418
1498 1940256
1499 1942650
1500 1945720
1501 1948027
1502 1951359
1503 1954085
1504 1957587
1505 1960186
1506 1963615
1507 1966218
1508 1969651
1509 1971850
1510 1974772
1511 1977072
1512 1979963
1513 1982331
1514 1985229
1515 1987623
1516 1990326
1517 1992618
1518 1995548
1519 1997918
1520 2000808
1521 2002983
1522 2005806
1523 2008137
1524 2011154
1525 2013477
1526 2016485
1527 2018702
1528 2021654
1529 2023907
1530 2026800
1531 2029217
1532 2031979
1533 2034319
1534 2037077
1535 2039735
1536 2042569
1537 2045128
1538 2047861
1539 2050421
1540 2053140
1541 2055706
1542 2058335
1543 2060992
1544 2063608
1545 2066273
1546 2068760
1547 2071517
1548 2074175
1549 2076579
1550 2079372
1551 2081675
1552 2084604
1553 2086931
1554 2090014
1555 2092489
1556 2095327
1557 2097835
1558 2100585
1559 2103276
1560 2105984
1561 2108679
1562 2111355
1563 2114287
1564 2116619
1565 2119568
1566 2121761
1567 2124774
1568 2127064
1569 2129977
1570 2132580
1571 2135317
1572 2138296
1573 2140686
1574 2143684
1575 2145956
1576 2148983
1577 2151185
1578 2154252
1579 2156724
1580 2159599
1581 2162265
1582 2164986
1583 2167839
1584 2170445
1585 2173218
1586 2175727
1587 2178698
1588 2181139
1589 2184088
1590 2186536
1591 2189514
1592 2191911
1593 2194749
1594 2197446
1595 2200072
1596 2202933
1597 2205620
1598 2208388
1599 2211100
1600 2213689
1601 2216454
1602 2219198
1603 2222099
1604 2224796
1605 2227612
1606 2230351
1607 2233256
1608 2235853
1609 2238936
1610 2241387
1611 2244337
1612 2246741
1613 2249942
1614 2252285
1615 2255443
1616 2257843
1617 2261018
1618 2263396
1619 2266522
1620 2268874
1621 2271881
1622 2274369
1623 2277538
1624 2280105
1625 2283097
1626 2285562
1627 2288600
1628 2291035
1629 2294122
1630 2296724
1631 2300063
1632 2302570
1633 2306192
1634 2309155
1635 2312962
1636 2315787
1637 2319514
1638 2322343
1639 2326074
1640 2328465
1641 2331639
1642 2334139
1643 2337279
1644 2339853
1645 2343000
1646 2345601
1647 2348536
1648 2351027
1649 2354208
1650 2356783
1651 2359921
1652 2362284
1653 2365349
1654 2367880
1655 2371156
1656 2373678
1657 2376944
1658 2379351
1659 2382556
1660 2385002
1661 2388142
1662 2390766
1663 2393764
1664 2396304
1665 2399297
1666 2402182
1667 2405257
1668 2408034
1669 2410999
1670 2413777
1671 2416727
1672 2419511
1673 2422363
1674 2425245
1675 2428083
1676 2430973
1677 2433671
1678 2436661
1679 2439544
1680 2442151
1681 2445180
1682 2447677
1683 2450853
1684 2453376
1685 2456719
1686 2459402
1687 2462479
1688 2465198
1689 2468179
1690 2471096
1691 2474031
1692 2476952
1693 2479852
1694 2483030
1695 2485557
1696 2488753
1697 2491129
1698 2494394
1699 2496875
1700 2500031
1701 2502851
1702 2505816
1703 2509043
1704 2511632
1705 2514879
1706 2517340
1707 2520618
1708 2523003
1709 2526324
1710 2529001
1711 2532114
1712 2535001
1713 2537947
1714 2541036
1715 2543857
1716 2546859
1717 2549575
1718 2552791
1719 2555433
1720 2558625
1721 2561275
1722 2564498
1723 2567092
1724 2570163
1725 2573082
1726 2575923
1727 2579019
1728 2581926
1729 2584921
1730 2587855
1731 2590656
1732 2593647
1733 2596615
1734 2599753
1735 2602670
1736 2605716
1737 2608678
1738 2611820
1739 2614628
1740 2617962
1741 2620612
1742 2623802
1743 2626401
1744 2629862
1745 2632395
1746 2635809
1747 2638404
1748 2641836
1749 2644407
1750 2647786
1751 2650328
1752 2653578
1753 2656266
1754 2659692
1755 2662465
1756 2665699
1757 2668362
1758 2671646
1759 2674276
1760 2677612
1761 2680422
1762 2684030
1763 2686737
1764 2690649
1765 2693849
1766 2697961
1767 2701012
1768 2705037
1769 2708092
1770 2712121
1771 2714704
1772 2718130
1773 2720830
1774 2724219
1775 2726999
1776 2730395
1777 2733203
1778 2736370
1779 2739060
1780 2742492
1781 2745272
1782 2748658
1783 2751209
1784 2754516
1785 2757247
1786 2760782
1787 2763503
1788 2767027
1789 2769624
1790 2773082
1791 2775721
1792 2779108
1793 2781939
1794 2785173
1795 2787913
1796 2791141
1797 2794253
1798 2797569
1799 2800564
1800 2803761
1801 2806757
1802 2809938
1803 2812940
1804 2816015
1805 2819122
1806 2822182
1807 2825297
1808 2828206
1809 2831429
1810 2834537
1811 2837347
1812 2840612
1813 2843303
1814 2846726
1815 2849445
1816 2853048
1817 2855939
1818 2859255
1819 2862185
1820 2865397
1821 2868540
1822 2871702
1823 2874849
1824 2877973
1825 2881397
1826 2884119
1827 2887562
1828 2890121
1829 2893638
1830 2896310
1831 2899709
1832 2902746
1833 2905939
1834 2909414
1835 2912202
1836 2915698
1837 2918348
1838 2921877
1839 2924445
1840 2928020
1841 2930902
1842 2934253
1843 2937361
1844 2940532
1845 2943857
1846 2946893
1847 2950124
1848 2953047
1849 2956508
1850 2959351
1851 2962786
1852 2965638
1853 2969106
1854 2971897
1855 2975201
1856 2978342
1857 2981398
1858 2984729
1859 2987856
1860 2991078
1861 2994234
1862 2997247
1863 3000464
1864 3003656
1865 3007031
1866 3010168
1867 3013444
1868 3016629
1869 3020008
1870 3023027
1871 3026612
1872 3029461
1873 3032891
1874 3035685
1875 3039406
1876 3042129
1877 3045799
1878 3048589
1879 3052278
1880 3055042
1881 3058674
1882 3061406
1883 3064899
1884 3067787
1885 3071470
1886 3074449
1887 3077925
1888 3080786
1889 3084316
1890 3087141
1891 3090726
1892 3093744
1893 3097621
1894 3100528
1895 3104730
1896 3108167
1897 3112584
1898 3115861
1899 3120184
1900 3123465
1901 3127792
1902 3130567
1903 3134245
1904 3137145
1905 3140783
1906 3143769
1907 3147414
1908 3150429
1909 3153828
1910 3156717
1911 3160400
1912 3163385
1913 3167019
1914 3169758
1915 3173307
1916 3176238
1917 3180032
1918 3182952
1919 3186734
1920 3189521
1921 3193232
1922 3196064
1923 3199698
1924 3202736
1925 3206206
1926 3209146
1927 3212609
1928 3215948
1929 3219505
1930 3222718
1931 3226147
1932 3229361
1933 3232773
1934 3235993
1935 3239291
1936 3242623
1937 3245905
1938 3249245
1939 3252365
1940 3255821
1941 3259154
1942 3262167
1943 3265668
1944 3268553
1945 3272223
1946 3275138
1947 3279001
1948 3282100
1949 3285655
1950 3288796
1951 3292239
1952 3295608
1953 3298997
1954 3302370
1955 3305718
1956 3309388
1957 3312305
1958 3315995
1959 3318737
1960 3322506
1961 3325369
1962 3329011
1963 3332265
1964 3335686
1965 3339409
1966 3342396
1967 3346141
1968 3348980
1969 3352760
1970 3355511
1971 3359340
1972 3362427
1973 3366016
1974 3369345
1975 3372741
1976 3376302
1977 3379553
1978 3383013
1979 3386143
1980 3389849
1981 3392893
1982 3396571
1983 3399625
1984 3403338
1985 3406326
1986 3409863
1987 3413226
1988 3416497
1989 3420063
1990 3423410
1991 3426859
1992 3430237
1993 3433462
1994 3436905
1995 3440321
1996 3443933
1997 3447290
1998 3450796
1999 3454204
2000 3457820
2001 3461050
2002 3464886
2003 3467934
2004 3471604
2005 3474593
2006 3478574
2007 3481487
2008 3485413
2009 3488398
2010 3492344
2011 3495301
2012 3499186
2013 3502108
2014 3505844
2015 3508932
2016 3512872
2017 3516057
2018 3519775
2019 3522834
2020 3526610
2021 3529630
2022 3533464
2023 3536690
2024 3540836
2025 3543943
2026 3548435
2027 3552109
2028 3556831
2029 3560334
2030 3564955
2031 3568462
2032 3573087
2033 3576054
2034 3579984
2035 3583084
2036 3586971
2037 3590163
2038 3594057
2039 3597279
2040 3600910
2041 3603998
2042 3607932
2043 3611122
2044 3615004
2045 3617931
2046 3621722
2047 3624853
2048 3628906
2049 3632025
2050 3636065
2051 3639042
2052 3643006
2053 3646031
2054 3649912
2055 3653157
2056 3656863
2057 3660003
2058 3663701
2059 3667267
2060 3671065
2061 3674496
2062 3678157
2063 3681589
2064 3685232
2065 3688670
2066 3692191
2067 3695748
2068 3699252
2069 3702817
2070 3706148
2071 3709837
2072 3713395
2073 3716611
2074 3720348
2075 3723427
2076 3727344
2077 3730455
2078 3734578
2079 3737885
2080 3741679
2081 3745031
2082 3748705
2083 3752300
2084 3755916
2085 3759515
2086 3763087
2087 3767003
2088 3770115
2089 3774052
2090 3776977
2091 3780998
2092 3784052
2093 3787937
2094 3791408
2095 3795057
2096 3799028
2097 3802214
2098 3806208
2099 3809236
2100 3813267
2101 3816201
2102 3820284
2103 3823576
2104 3827403
2105 3830953
2106 3834574
2107 3838371
2108 3841837
2109 3845526
2110 3848863
2111 3852814
2112 3856059
2113 3859980
2114 3863236
2115 3867194
2116 3870379
2117 3874149
2118 3877734
2119 3881220
2120 3885021
2121 3888588
2122 3892264
2123 3895864
2124 3899301
2125 3902970
2126 3906610
2127 3910459
2128 3914036
2129 3917772
2130 3921403
2131 3925256
2132 3928697
2133 3932784
2134 3936031
2135 3939941
2136 3943125
2137 3947366
2138 3950469
2139 3954651
2140 3957831
2141 3962034
2142 3965184
2143 3969322
2144 3972434
2145 3976413
2146 3979701
2147 3983898
2148 3987289
2149 3991249
2150 3994506
2151 3998528
2152 4001743
2153 4005826
2154 4009260
2155 4013675
2156 4016982
2157 4021764
2158 4025675
2159 4030702
2160 4034431
2161 4039350
2162 4043083
2163 4048006
2164 4051165
2165 4055347
2166 4058647
2167 4062783
2168 4066181
2169 4070324
2170 4073753
2171 4077616
2172 4080903
2173 4085088
2174 4088483
2175 4092613
2176 4095728
2177 4099761
2178 4103092
2179 4107404
2180 4110722
2181 4115020
2182 4118187
2183 4122404
2184 4125622
2185 4129750
2186 4133202
2187 4137144
2188 4140484
2189 4144417
2190 4148210
2191 4152249
2192 4155898
2193 4159791
2194 4163441
2195 4167315
2196 4170971
2197 4174715
2198 4178497
2199 4182223
2200 4186013
2201 4189555
2202 4193477
2203 4197260
2204 4200679
2205 4204652
2206 4207925
2207 4212089
2208 4215396
2209 4219779
2210 4223294
2211 4227327
2212 4230890
2213 4234795
2214 4238616
2215 4242459
2216 4246284
2217 4250080
2218 4254242
2219 4257549
2220 4261733
2221 4264841
2222 4269114
2223 4272359
2224 4276487
2225 4280175
2226 4284052
2227 4288271
2228 4291656
2229 4295899
2230 4299116
2231 4303398
2232 4306515
2233 4310852
2234 4314349
2235 4318414
2236 4322185
2237 4326031
2238 4330064
2239 4333745
2240 4337663
2241 4341207
2242 4345403
2243 4348849
2244 4353013
2245 4356471
2246 4360674
2247 4364056
2248 4368059
2249 4371866
2250 4375567
2251 4379603
2252 4383390
2253 4387293
2254 4391115
2255 4394764
2256 4398659
2257 4402523
2258 4406609
2259 4410406
2260 4414372
2261 4418226
2262 4422316
2263 4425968
2264 4430306
2265 4433752
2266 4437902
2267 4441281
2268 4445782
2269 4449075
2270 4453513
2271 4456888
2272 4461348
2273 4464691
2274 4469082
2275 4472384
2276 4476606
2277 4480094
2278 4484548
2279 4488145
2280 4492347
2281 4495802
2282 4500070
2283 4503480
2284 4507812
2285 4511454
2286 4516138
2287 4519645
2288 4524717
2289 4528865
2290 4534197
2291 4538152
2292 4543369
2293 4547328
2294 4552549
2295 4555900
2296 4560334
2297 4563834
2298 4568219
2299 4571823
2300 4576215
2301 4579851
2302 4583946
2303 4587432
2304 4591868
2305 4595468
2306 4599846
2307 4603149
2308 4607424
2309 4610955
2310 4615526
2311 4619043
2312 4623599
2313 4626956
2314 4631426
2315 4634837
2316 4639212
2317 4642871
2318 4647049
2319 4650589
2320 4654757
2321 4658777
2322 4663057
2323 4666924
2324 4671049
2325 4674917
2326 4679022
2327 4682896
2328 4686863
2329 4690870
2330 4694818
2331 4698833
2332 4702586
2333 4706741
2334 4710749
2335 4714371
2336 4718580
2337 4722047
2338 4726458
2339 4729961
2340 4734604
2341 4738327
2342 4742599
2343 4746373
2344 4750509
2345 4754556
2346 4758626
2347 4762677
2348 4766697
2349 4771105
2350 4774607
2351 4779038
2352 4782329
2353 4786854
2354 4790290
2355 4794661
2356 4798566
2357 4802671
2358 4807138
2359 4810722
2360 4815214
2361 4818620
2362 4823153
2363 4826453
2364 4831044
2365 4834746
2366 4839049
2367 4843041
2368 4847112
2369 4851381
2370 4855277
2371 4859424
2372 4863175
2373 4867616
2374 4871263
2375 4875670
2376 4879330
2377 4883778
2378 4887357
2379 4891593
2380 4895622
2381 4899538
2382 4903809
2383 4907816
2384 4911946
2385 4915990
2386 4919851
2387 4923972
2388 4928060
2389 4932383
2390 4936400
2391 4940596
2392 4944673
2393 4949000
2394 4952863
2395 4957452
2396 4961097
2397 4965487
2398 4969061
2399 4973822
2400 4977305
2401 4981999
2402 4985569
2403 4990286
2404 4993822
2405 4998466
2406 5001958
2407 5006423
2408 5010111
2409 5014822
2410 5018625
2411 5023069
2412 5026722
2413 5031236
2414 5034841
2415 5039422
2416 5043272
2417 5048225
2418 5051932
2419 5057294
2420 5061679
2421 5067316
2422 5071497
2423 5077012
2424 5081197
2425 5086716
